D_ax: -0.003139695952463105
D_ay: 0.000949975199207746
D_bx: 0.0022347180122602446
D_by: -0.0011339265609553604
D_bz: -0.001849045578977947
D_dx: 0.13708375000657796
D_dy: 0.09817979763542403
D_dz: -0.01065686749163843
kh: -0.008445644784791963
