D_ax: 0.0018665120423251753
D_ay: 0.00046987827374950913
D_bx: 0.008792666756317869
D_by: 0.007378243028757678
D_bz: 0.0008889321684450724
D_dx: 0.41422501828193226
D_dy: -0.14143334006370273
D_dz: 0.001150418880106776
kh: 0.006519924117599024
