D_ax: -0.0014401513326023434
D_ay: 0.003001269043046449
D_bx: 0.002283498049779828
D_by: 0.001870174949635633
D_bz: 0.004840678175065924
D_dx: 0.19518149494366652
D_dy: 0.19766581160586333
D_dz: 0.005305262116814942
kh: 0.001420572034123614
