# D_ax: 0.0783578091615536 -0.00177151
# D_ay: 0.0532554269216788
D_ax: -0.00177151
D_ay: 0.00475784
D_bx: 0.00011048045137439756
D_by: 0.0031673378488957394
D_bz: 0.013393956164532468
D_dx: 0.0783578091615536
D_dy: 0.0532554269216788
D_dz: 0.015530394800268882
kh: -0.002078514671624471
