D_ax: -9.66393838953934e-05
D_ay: 0.004299328056532383
D_bx: -0.001118332239901277
D_by: 0.0006913941339829617
D_bz: -0.00272740983150821
D_dx: 0.15148438330138872
D_dy: 0.15528257009578175
D_dz: 0.0009227390938823861
kh: 0.0021192921262210293
