D_ax: 0.006881433465743865
D_ay: 0.006397579879854712
D_bx: 0.00783296008657549
D_by: 0.006595516333880248
D_bz: 0.006043188743857401
D_dx: 0.0015286686529666117
D_dy: 0.05627941622811683
D_dz: 0.018164100944889586
kh: 0.005309491526450971
