D_ax: 0.03420101866868869
D_ay: 0.03610033269498354
D_bx: 0.0062835222940731015
D_by: 0.0006240744115914522
D_bz: 0.004717414603454821
D_dx: 0.03420101866868869
D_dy: 0.03610033269498354
D_dz: 0.011352315170221497
kh: 0.005044858911876759
max_pitch_rate: 804.0
max_roll_rate: 804.0
max_yaw_rate: 400.0
