D_ax: 0.009753998278101184
D_ay: 0.001367055475110851
D_bx: 8.378583579326859e-05
D_by: 0.002065190148989724
D_bz: 0.008988303853488063
D_dx: 0.02801703085638101
D_dy: 0.13560791261527963
D_dz: 0.019433125713821862
kh: 0.0035400392014992
