D_ax: -0.00011423475196298808
D_ay: 0.004634294404338759
D_bx: -0.001582648666383156
D_by: -6.009208992389681e-06
D_bz: -0.002431748048500297
D_dx: 0.15305375804613666
D_dy: 0.15997133226141064
D_dz: 0.003224144998994677
kh: 0.0019438056550965706
