D_ax: 0.003209240065055777
D_ay: 0.0020030316159531615
D_bx: -0.001036064560518299
D_by: -0.0005084911785922788
D_bz: -0.0037619796358301085
D_dx: 0.1358827297692676
D_dy: 0.1197784456967161
D_dz: 0.0023355199547034963
kh: -0.017213583964183113
