D_dx: 0.17232689467766113
D_dy: 0.17195208019084005
D_dz: 0.023461287074555928
kh: 0.0033041149572240786
max_pitch_rate: 804.0
max_roll_rate: 804.0
max_yaw_rate: 400.0
