D_ax: 0.0006283856383512868
D_ay: -0.000329588094128293
D_bx: -0.014677101026976875
D_by: -0.010050072685858759
D_bz: -0.003442868106685859
D_dx: 0.15961210882012075
D_dy: 0.160224562904396
D_dz: 0.11399429013579898
kh: 0.002295806632274852
max_pitch_rate: 804.0
max_roll_rate: 804.0
max_yaw_rate: 400.0
