D_ax: 0.007842107511503396
D_ay: 8.532635293174718e-06
D_bx: 0.0004904106829617927
D_by: 0.0006591437242060816
D_bz: 0.003994962578623405
D_dx: 0.19429417900502624
D_dy: 0.2948984789418806
D_dz: 0.02738864955706304
kh: 0.008826533705193339
