D_ax: 0.006537607180550199
D_ay: 0.0031623405100321142
D_bx: 0.004379393383677207
D_by: 0.0025193560727317446
D_bz: 0.0044035532543994955
D_dx: 0.12751743157781292
D_dy: 0.24950759509148523
D_dz: 0.006900935305059615
kh: 0.004964523807178949
