D_ax: -0.001296905613130755
D_ay: 0.0019492284807078584
D_bx: -0.0009537127354236377
D_by: -0.0016480606760076654
D_bz: 0.0017137405237158715
D_dx: 0.18211959591648466
D_dy: 0.18502118038896292
D_dz: 2.6996678488842238e-05
kh: 0.0014973442105982086
