D_ax: -0.0004348842382774964
D_ay: 0.0005445690988177182
D_bx: -0.004292400517743056
D_by: -0.004345235908477309
D_bz: -0.0009232381269282542
D_dx: 0.1467274308160146
D_dy: 0.14397451819995474
D_dz: -0.008075904723244029
kh: -0.003577183117189877
