D_ax: 0.009440727971364565
D_ay: -0.0006924878261836689
D_bx: 0.01303725081240166
D_by: 0.004847442930679727
D_bz: -0.0009461455603345465
D_dx: 0.35348384476159284
D_dy: 0.27862099444887534
D_dz: -0.016181956187798014
kh: 0.01882972806695589
