D_ax: 0.0037241108664179978
D_ay: 0.00514905831173431
D_bx: 0.00194287020725202
D_by: 0.0042063484652355545
D_bz: 0.0064762405568512225
D_dx: 0.26986645264552045
D_dy: 0.03613933318662956
D_dz: 0.009460737151508433
kh: 0.008374901483079176
max_pitch_rate: 804.0
max_roll_rate: 804.0
max_yaw_rate: 400.0
