D_ax: 9.793718004470906e-05
D_ay: 0.003952862713573552
D_bx: 0.0003088423449758675
D_by: 0.0013362320277232951
D_bz: -0.0038418256969050377
D_dx: 0.1301541049244098
D_dy: 0.13579916143081094
D_dz: 0.005605402365892994
kh: -0.005634950510400699
