D_ax: 0.0038486488276388013
D_ay: 0.001977070819283125
D_bx: -0.002391090975308413
D_by: -0.000985615949811775
D_bz: -0.0033444073252690805
D_dx: 0.14150936581519255
D_dy: 0.14173869798893476
D_dz: -0.00394704498674764
kh: 0.006405301153365422
