D_dx: 0.15266222631469356
D_dy: 0.15200644900667204
D_dz: 0.2474306556757631
kh: 0.0001772872180369354
D_ax: 0
D_ay: 0
D_bx: 0
D_by: 0
D_bz: 0
max_pitch_rate: 804.0
max_roll_rate: 804.0
max_yaw_rate: 400.0
