D_ax: -0.0010074589818424833
D_ay: 0.0008514445780673497
D_bx: -0.0007469443535864694
D_by: -0.0019832280422668073
D_bz: -0.0020781549801982503
D_dx: 0.1743045615872555
D_dy: 0.16908576711100184
D_dz: 0.01851075588266621
kh: 0.003518680371287564
max_pitch_rate: 804.0
max_roll_rate: 804.0
max_yaw_rate: 400.0
