D_ax: -0.0008334855752202153
D_ay: 0.00039400164498789946
D_bx: -0.004297049319397211
D_by: -0.0031157858439877038
D_bz: 0.0003297998403254376
D_dx: 0.17305831949089825
D_dy: 0.1706605901645538
D_dz: 0.016511646725757417
kh: 0.003412968772036551
max_pitch_rate: 804.0
max_roll_rate: 804.0
max_yaw_rate: 400.0
