D_ax: -0.0010525608361779655
D_ay: 0.001238834280280789
D_bx: -0.0005912569839301777
D_by: 0.0018266048497804397
D_bz: -0.008781607772601268
D_dx: 0.15325597954299475
D_dy: 0.153654875361961
D_dz: 0.002397545740242378
kh: -0.003144636143205046
