D_ax: 0.0035734756455177243
D_ay: 0.003451424859622583
D_bx: 0.0054705130011780765
D_by: 0.006075877217246869
D_bz: 0.00907101182078171
D_dx: 0.2601674210067735
D_dy: 0.010614312560248673
D_dz: 0.01607856209666712
kh: 0.006686136879013557
max_pitch_rate: 804.0
max_roll_rate: 804.0
max_yaw_rate: 400.0
