D_ax: 0.00800917183948963
D_ay: 0.007002847531895909
D_bx: 0.01508002024181187
D_by: 0.01174651141425101
D_bz: 0.011696033507347941
D_dx: -0.27362516595301306
D_dy: 0.0632164292884859
D_dz: 0.03213386580791183
kh: -0.0038065243265891606
