D_dx: 0.16089971529040134
D_dy: 0.16075085887897278
D_dz: 0.027182420098566182
kh: 0.004047698658548778
max_pitch_rate: 804.0
max_roll_rate: 804.0
max_yaw_rate: 400.0
