D_ax: 0.0025484118649424714
D_ay: 0.007736648984960801
D_bx: 0.008661483053115456
D_by: 0.0095649025761781
D_bz: 0.0018976135933500072
D_dx: 0.29315729194236323
D_dy: 0.04609805818418634
D_dz: 0.008649307295768625
kh: 0.0014732356220940746
